SUMMARY OF INPUT DATA

MATERIAL PROPERTIES
Layer Id    Thickness [cm]    Modulus [MPa]    Poisson's ratio [-]    Unit weight [KN/m^3]    

   1     12.76      7100      0.35        24
   2    29.481      1700      0.35        22
   3    98.279        65      0.35        20
   4    1e+300        14       0.4        18

LOADING
Axle configuration :Single axle with single wheel
Contact pressure [kPa] = 700
Axle load [kN] = 50

STRESSES AND DISPLACEMENTS
   x[cm]   y[cm]   z[cm]   szz[kPa]   sxx[kPa]   syy[kPa]   sxz[kPa]   syz[kPa]   sxy[kPa]   wz[cm]   

         0         0         0       700   1097.71   1097.71         0         0         0   0.03541
        20         0         0         0   172.281   326.347         0         0        -0   0.03279
        30         0         0         0   109.977   229.503         0         0        -0   0.03192
        60         0         0         0    61.006   128.092         0         0        -0   0.02957
        90         0         0         0    31.946     85.25         0         0        -0   0.02739
       120         0         0         0    15.152    60.257         0         0        -0   0.02535
       150         0         0         0     5.586    44.281         0         0        -0   0.02346

STRAINS
   x[cm]   y[cm]   z[cm]   ezz[1e-3]   exx[1e-3]   eyy[1e-3]   exz[1e-3]   eyz[1e-3]   exy[1e-3]   

         0         0         0     -0.01     0.066     0.066         0         0         0
        20         0         0    -0.025     0.008     0.037         0         0        -0
        30         0         0    -0.017     0.004     0.027         0         0        -0
        60         0         0    -0.009     0.002     0.015         0         0        -0
        90         0         0    -0.006         0      0.01         0         0        -0
       120         0         0    -0.004    -0.001     0.008         0         0        -0
       150         0         0    -0.002    -0.001     0.006         0         0        -0

PRINCIPAL STRESSES
   x[cm]     y[cm]     z[cm]     s1[kPa]     s2[kPa]     s3[kPa]     
         0         0         0        1097.71        1097.71            700
        20         0         0        326.347        172.281              0
        30         0         0        229.503        109.977              0
        60         0         0        128.092        61.0062   7.10543e-015
        90         0         0        85.2496        31.9465  -7.10543e-015
       120         0         0        60.2569         15.152  -1.06581e-014
       150         0         0        44.2808         5.5863  -7.10543e-015

PRINCIPAL STRAINS
   x[cm]     y[cm]     z[cm]     e1[1e-3]     e2[1e-3]   e3[1e-3]     

         0         0         0      0.0659874      0.0659874     -0.0096332
        20         0         0      0.0374716     0.00817738     -0.0245802
        30         0         0       0.026903     0.00417613     -0.0167349
        60         0         0      0.0150337     0.00227804    -0.00932173
        90         0         0      0.0104322    0.000297057    -0.00577727
       120         0         0     0.00773996    -0.00083633    -0.00371734
       150         0         0     0.00596135    -0.00139605    -0.00245824


EXCUTION TIME : 0.058Sec