Station	Layer1	Layer2	Layer3
1,31	96,2	191,6	1029,4
1,45	109,6	194,4	1071,5
3,41	165,0	305,6	1030,4
6,03	206,4	316,9	826,5
7,90	207,5	363,6	774,1
10,92	159,6	356,0	753,7
13,36	157,8	285,4	746,1
15,12	118,5	271,4	1164,9
19,21	152,9	311,9	992,4
21,10	138,2	316,3	978,6
2,48	169,9	274,1	935,3
9,63	152,2	269,9	671,8
12,47	122,3	239,4	477,4
5,69	117,9	515,8	835,9
7,74	155,0	254,8	479,7
8,61	148,8	257,0	690,4
9,07	136,3	322,6	741,4
11,34	159,0	363,0	706,9
17,42	136,3	270,3	836,7
6,98	84,7	207,1	746,6
12,24	133,1	273,4	824,1
15,65	93,7	230,6	696,5
21,31	135,4	500,6	897,9
24,08	139,9	370,8	882,6
25,21	134,2	423,5	871,1
25,27	164,4	485,3	858,0
25,89	145,6	303,7	866,4
27,30	193,0	362,1	746,7
27,54	131,7	383,7	785,1
27,58	155,3	384,2	871,5
27,74	142,6	337,7	835,0
28,34	121,2	230,9	733,8
29,72	140,4	306,2	660,0
30,22	106,1	331,4	791,6
32,17	96,1	234,5	801,4
33,27	123,0	259,8	732,5
6,48	140,5	368,9	896,3
7,00	127,6	294,8	982,8
10,13	88,3	222,9	515,4
12,58	118,5	354,1	573,1
0,57	102,7	312,1	879,0
1,51	97,1	231,3	637,0
3,04	105,9	240,9	630,2
10,12	96,5	373,5	872,2
12,89	102,1	286,7	829,1
17,08	107,0	260,2	748,6
21,92	98,2	237,2	713,4
3,87	125,0	268,5	718,4
26,38	187,5	330,0	707,2
32,61	165,8	355,3	722,8